0.25 5.34295e-16
0.196272 -0.0165669
0.0792697 -0.0331332
-0.0711475 -0.0496982
-0.215186 -0.0662613
-0.314948 -0.082822
-0.345699 -0.0993795
-0.303217 -0.115933
-0.205054 -0.132483
-0.0853107 -0.149027
0.0154958 -0.165566
0.0624808 -0.182099
0.0367617 -0.198624
-0.0589277 -0.215143
-0.20105 -0.231653
-0.352262 -0.248154
-0.472514 -0.264646
-0.530959 -0.281128
-0.515122 -0.2976
-0.434606 -0.31406
-0.318242 -0.330509
-0.205512 -0.346945
-0.134815 -0.363368
-0.132052 -0.379777
-0.20292 -0.396172
-0.331225 -0.412552
-0.483692 -0.428917
-0.619859 -0.445265
-0.704105 -0.461597
-0.716238 -0.477911
-0.657501 -0.494208
-0.5502 -0.510485
-0.431073 -0.526744
-0.340368 -0.542983
-0.309878 -0.559201
-0.353488 -0.575398
-0.463048 -0.591573
-0.610794 -0.607727
-0.757606 -0.623857
-0.864632 -0.639964
-0.904843 -0.656046
-0.871064 -0.672105
-0.778111 -0.688137
-0.658384 -0.704144
-0.552235 -0.720124
-0.49597 -0.736078
-0.511059 -0.752003
-0.59775 -0.7679
-0.734996 -0.783769
-0.886712 -0.799607
-1.0125 -0.815416
-1.07967 -0.831194
-1.07294 -0.846941
-0.998987 -0.862655
-0.884473 -0.878338
-0.768102 -0.893987
-0.689122 -0.909603
-0.675654 -0.925184
-0.736334 -0.94073
-0.857744 -0.956242
-1.0084 -0.971717
-1.14811 -0.987155
-1.23994 -1.00256
-1.26115 -1.01792
-1.21002 -1.03325
-1.1063 -1.04853
-0.985358 -1.06378
-0.887694 -1.07899
-0.846857 -1.09415
-0.879498 -1.10928
-0.980408 -1.12436
-1.12407 -1.1394
-1.27225 -1.1544
-1.38535 -1.16935
-1.43419 -1.18426
-1.40869 -1.19913
-1.32084 -1.21395
-1.20117 -1.22873
-1.08965 -1.24345
-1.0238 -1.25814
-1.02757 -1.27277
-1.10419 -1.28736
-1.23522 -1.3019
-1.38602 -1.31639
-1.51606 -1.33083
-1.59099 -1.34521
-1.5928 -1.35955
-1.52522 -1.37384
-1.41258 -1.38808
-1.29261 -1.40226
-1.20518 -1.41639
-1.18049 -1.43047
-1.23006 -1.44449
-1.34333 -1.45846
-1.49077 -1.47238
-1.63269 -1.48624
-1.73101 -1.50004
-1.76061 -1.51379
-1.71678 -1.52748
-1.61661 -1.54111
-1.49394 -1.55468
-1.38926 -1.5682
-1.33773 -1.58165
-1.35865 -1.59505
-1.44979 -1.60839
-1.58802 -1.62166
-1.73619 -1.63488
-1.85418 -1.64803
-1.91082 -1.66113
-1.89317 -1.67415
-1.81035 -1.68712
-1.69082 -1.70002
-1.57397 -1.71286
-1.49834 -1.72564
-1.49023 -1.73835
-1.5558 -1.75099
-1.67934 -1.76357
-1.82786 -1.77608
-1.96091 -1.78852
-2.04264 -1.8009
-2.05244 -1.81321
-1.99105 -1.82545
-1.88036 -1.83762
-1.7569 -1.84973
-1.66096 -1.86176
-1.62464 -1.87372
-1.66231 -1.88562
-1.76629 -1.89744
-1.90919 -1.90919
-2.05201 -1.92087
-2.15578 -1.93247
-2.19308 -1.94401
-2.15627 -1.95547
-2.05968 -1.96685
-1.93543 -1.97817
-1.8238 -1.9894
-1.76133 -2.00057
-1.76991 -2.01166
-1.85028 -2.02267
-1.98183 -2.0336
-2.12869 -2.04446
-2.25043 -2.05525
-2.31407 -2.06595
-2.30387 -2.07658
-2.22602 -2.08713
-2.1068 -2.0976
-1.98477 -2.10799
-1.89929 -2.1183
-1.87884 -2.12854
-1.93254 -2.13869
-2.04745 -2.14876
-2.1924 -2.15875
-2.32726 -2.16866
-2.41489 -2.17849
-2.43216 -2.18823
-2.37683 -2.1979
-2.26822 -2.20748
-2.14148 -2.21698
-2.03709 -2.22639
-1.9889 -2.23572
-2.014 -2.24497
-2.10768 -2.25413
-2.24482 -2.26321
-2.38733 -2.2722
-2.49554 -2.2811
-2.53991 -2.28992
-2.50987 -2.29866
-2.41696 -2.30731
-2.29136 -2.31587
-2.17296 -2.32434
-2.09948 -2.33273
-2.09525 -2.34102
-2.164 -2.34923
-2.28773 -2.35736
-2.43207 -2.36539
-2.5565 -2.37333
-2.62638 -2.38119
-2.62329 -2.38895
-2.55043 -2.39663
-2.43177 -2.40421
-2.30482 -2.41171
-2.20955 -2.41911
-2.1765 -2.42642
-2.21765 -2.43364
-2.32292 -2.44077
-2.46314 -2.44781
-2.59871 -2.45475
-2.69138 -2.46161
-2.71566 -2.46837
-2.66633 -2.47503
-2.56003 -2.48161
-2.43032 -2.48809
-2.3177 -2.49447
-2.25753 -2.50077
-2.26958 -2.50697
-2.35211 -2.51307
-2.4824 -2.51908
-2.62349 -2.525
-2.73521 -2.53082
-2.78607 -2.53654
-2.76265 -2.54217
-2.67359 -2.5477
-2.547 -2.55314
-2.42215 -2.55848
-2.33773 -2.56373
-2.3204 -2.56887
-2.37684 -2.57393
-2.49178 -2.57888
-2.63251 -2.58374
-2.75865 -2.5885
-2.83411 -2.59316
-2.83784 -2.59773
-2.77009 -2.6022
-2.65232 -2.60656
-2.52086 -2.61084
-2.41605 -2.61501
-2.37029 -2.61908
-2.39839 -2.62306
-2.49319 -2.62694
-2.62765 -2.63072
-2.76292 -2.6344
-2.85989 -2.63798
-2.89078 -2.64146
-2.84745 -2.64484
-2.74379 -2.64812
-2.61159 -2.6513
-2.49109 -2.65438
-2.41904 -2.65737
-2.41774 -2.66025
-2.48844 -2.66303
-2.61094 -2.66571
-2.74962 -2.6683
-2.86403 -2.67078
-2.92088 -2.67316
-2.90399 -2.67544
-2.81905 -2.67762
-2.69196 -2.67969
-2.56113 -2.68167
-2.46603 -2.68355
-2.43549 -2.68532
-2.47913 -2.687
-2.58446 -2.68857
-2.72065 -2.69004
-2.84763 -2.69141
-2.92807 -2.69268
-2.93843 -2.69385
-2.87598 -2.69492
-2.7596 -2.69588
-2.62418 -2.69675
-2.51023 -2.69751
-2.45185 -2.69817
-2.4666 -2.69873
-2.55026 -2.69919
-2.67809 -2.69954
-2.8122 -2.6998
-2.91279 -2.69995
-2.95 -2.7
-2.91279 -2.69995
-2.8122 -2.6998
-2.67809 -2.69954
-2.55026 -2.69919
-2.4666 -2.69873
-2.45185 -2.69817
-2.51023 -2.69751
-2.62418 -2.69675
-2.7596 -2.69588
-2.87598 -2.69492
-2.93843 -2.69385
-2.92807 -2.69268
-2.84763 -2.69141
-2.72065 -2.69004
-2.58446 -2.68857
-2.47913 -2.687
-2.43549 -2.68532
-2.46603 -2.68355
-2.56113 -2.68167
-2.69196 -2.67969
-2.81905 -2.67762
-2.90399 -2.67544
-2.92088 -2.67316
-2.86403 -2.67078
-2.74962 -2.6683
-2.61094 -2.66571
-2.48844 -2.66303
-2.41774 -2.66025
-2.41904 -2.65737
-2.49109 -2.65438
-2.61159 -2.6513
-2.74379 -2.64812
-2.84745 -2.64484
-2.89078 -2.64146
-2.85989 -2.63798
-2.76292 -2.6344
-2.62765 -2.63072
-2.49319 -2.62694
-2.39839 -2.62306
-2.37029 -2.61908
-2.41605 -2.61501
-2.52086 -2.61084
-2.65232 -2.60656
-2.77009 -2.6022
-2.83784 -2.59773
-2.83411 -2.59316
-2.75865 -2.5885
-2.63251 -2.58374
-2.49178 -2.57888
-2.37684 -2.57393
-2.3204 -2.56887
-2.33773 -2.56373
-2.42215 -2.55848
-2.547 -2.55314
-2.67359 -2.5477
-2.76265 -2.54217
-2.78607 -2.53654
-2.73521 -2.53082
-2.62349 -2.525
-2.4824 -2.51908
-2.35211 -2.51307
-2.26958 -2.50697
-2.25753 -2.50077
-2.3177 -2.49447
-2.43032 -2.48809
-2.56003 -2.48161
-2.66633 -2.47503
-2.71566 -2.46837
-2.69138 -2.46161
-2.59871 -2.45475
-2.46314 -2.44781
-2.32292 -2.44077
-2.21765 -2.43364
-2.1765 -2.42642
-2.20955 -2.41911
-2.30482 -2.41171
-2.43177 -2.40421
-2.55043 -2.39663
-2.62329 -2.38895
-2.62638 -2.38119
-2.5565 -2.37333
-2.43207 -2.36539
-2.28773 -2.35736
-2.164 -2.34923
-2.09525 -2.34102
-2.09948 -2.33273
-2.17296 -2.32434
-2.29136 -2.31587
-2.41696 -2.30731
-2.50987 -2.29866
-2.53991 -2.28992
-2.49554 -2.2811
-2.38733 -2.2722
-2.24482 -2.26321
-2.10768 -2.25413
-2.014 -2.24497
-1.9889 -2.23572
-2.03709 -2.22639
-2.14148 -2.21698
-2.26822 -2.20748
-2.37683 -2.1979
-2.43216 -2.18823
-2.41489 -2.17849
-2.32726 -2.16866
-2.1924 -2.15875
-2.04745 -2.14876
-1.93254 -2.13869
-1.87884 -2.12854
-1.89929 -2.1183
-1.98477 -2.10799
-2.1068 -2.0976
-2.22602 -2.08713
-2.30387 -2.07658
-2.31407 -2.06595
-2.25043 -2.05525
-2.12869 -2.04446
-1.98183 -2.0336
-1.85028 -2.02267
-1.76991 -2.01166
-1.76133 -2.00057
-1.8238 -1.9894
-1.93543 -1.97817
-2.05968 -1.96685
-2.15627 -1.95547
-2.19308 -1.94401
-2.15578 -1.93247
-2.05201 -1.92087
-1.90919 -1.90919
-1.76629 -1.89744
-1.66231 -1.88562
-1.62464 -1.87372
-1.66096 -1.86176
-1.7569 -1.84973
-1.88036 -1.83762
-1.99105 -1.82545
-2.05244 -1.81321
-2.04264 -1.8009
-1.96091 -1.78852
-1.82786 -1.77608
-1.67934 -1.76357
-1.5558 -1.75099
-1.49023 -1.73835
-1.49834 -1.72564
-1.57397 -1.71286
-1.69082 -1.70002
-1.81035 -1.68712
-1.89317 -1.67415
-1.91082 -1.66113
-1.85418 -1.64803
-1.73619 -1.63488
-1.58802 -1.62166
-1.44979 -1.60839
-1.35865 -1.59505
-1.33773 -1.58165
-1.38926 -1.5682
-1.49394 -1.55468
-1.61661 -1.54111
-1.71678 -1.52748
-1.76061 -1.51379
-1.73101 -1.50004
-1.63269 -1.48624
-1.49077 -1.47238
-1.34333 -1.45846
-1.23006 -1.44449
-1.18049 -1.43047
-1.20518 -1.41639
-1.29261 -1.40226
-1.41258 -1.38808
-1.52522 -1.37384
-1.5928 -1.35955
-1.59099 -1.34521
-1.51606 -1.33083
-1.38602 -1.31639
-1.23522 -1.3019
-1.10419 -1.28736
-1.02757 -1.27277
-1.0238 -1.25814
-1.08965 -1.24345
-1.20117 -1.22873
-1.32084 -1.21395
-1.40869 -1.19913
-1.43419 -1.18426
-1.38535 -1.16935
-1.27225 -1.1544
-1.12407 -1.1394
-0.980408 -1.12436
-0.879498 -1.10928
-0.846857 -1.09415
-0.887694 -1.07899
-0.985358 -1.06378
-1.1063 -1.04853
-1.21002 -1.03325
-1.26115 -1.01792
-1.23994 -1.00256
-1.14811 -0.987155
-1.0084 -0.971717
-0.857744 -0.956242
-0.736334 -0.94073
-0.675654 -0.925184
-0.689122 -0.909603
-0.768102 -0.893987
-0.884473 -0.878338
-0.998987 -0.862655
-1.07294 -0.846941
-1.07967 -0.831194
-1.0125 -0.815416
-0.886712 -0.799607
-0.734996 -0.783769
-0.59775 -0.7679
-0.511059 -0.752003
-0.49597 -0.736078
-0.552235 -0.720124
-0.658384 -0.704144
-0.778111 -0.688137
-0.871064 -0.672105
-0.904843 -0.656046
-0.864632 -0.639964
-0.757606 -0.623857
-0.610794 -0.607727
-0.463048 -0.591573
-0.353488 -0.575398
-0.309878 -0.559201
-0.340368 -0.542983
-0.431073 -0.526744
-0.5502 -0.510485
-0.657501 -0.494208
-0.716238 -0.477911
-0.704105 -0.461597
-0.619859 -0.445265
-0.483692 -0.428917
-0.331225 -0.412552
-0.20292 -0.396172
-0.132052 -0.379777
-0.134815 -0.363368
-0.205512 -0.346945
-0.318242 -0.330509
-0.434606 -0.31406
-0.515122 -0.2976
-0.530959 -0.281128
-0.472514 -0.264646
-0.352262 -0.248154
-0.20105 -0.231653
-0.0589277 -0.215143
0.0367617 -0.198624
0.0624808 -0.182099
0.0154958 -0.165566
-0.0853107 -0.149027
-0.205054 -0.132483
-0.303217 -0.115933
-0.345699 -0.0993795
-0.314948 -0.082822
-0.215186 -0.0662613
-0.0711475 -0.0496982
0.0792697 -0.0331332
0.196272 -0.0165669
0.25 -1.31839e-16
0.229406 0.0165669
0.145536 0.0331332
0.0282488 0.0496982
-0.0826635 0.0662613
-0.149305 0.082822
-0.14694 0.0993795
-0.0713508 0.115933
0.0599116 0.132483
0.212744 0.149027
0.346628 0.165566
0.426678 0.182099
0.43401 0.198624
0.371357 0.215143
0.262255 0.231653
0.144047 0.248154
0.0567789 0.264646
0.0312978 0.281128
0.0800782 0.2976
0.193514 0.31406
0.342776 0.330509
0.488378 0.346945
0.59192 0.363368
0.627503 0.379777
0.589425 0.396172
0.49388 0.412552
0.374142 0.428917
0.270671 0.445265
0.219089 0.461597
0.239585 0.477911
0.330914 0.494208
0.470771 0.510485
0.622415 0.526744
0.745597 0.542983
0.808523 0.559201
0.797308 0.575398
0.720099 0.591573
0.604659 0.607727
0.490107 0.623857
0.415295 0.639964
0.40725 0.656046
0.473145 0.672105
0.598164 0.688137
0.749904 0.704144
0.888014 0.720124
0.976185 0.736078
0.992947 0.752003
0.938051 0.7679
0.832541 0.783769
0.712503 0.799607
0.618329 0.815416
0.582717 0.831194
0.620943 0.846941
0.726324 0.862655
0.872202 0.878338
1.01987 0.893987
1.13008 0.909603
1.17471 0.925184
1.14513 0.94073
1.05474 0.956242
0.935034 0.971717
0.826197 0.987155
0.765174 1.00256
0.774685 1.01792
0.856469 1.03325
0.990767 1.04853
1.1422 1.06378
1.27028 1.07899
1.34145 1.09415
1.33906 1.10928
1.26831 1.12436
1.15473 1.1394
1.03655 1.1544
0.95336 1.16935
0.934339 1.18426
0.989574 1.19913
1.10706 1.21395
1.25628 1.22873
1.39726 1.24345
1.49247 1.25814
1.51797 1.27277
1.47052 1.28736
1.36857 1.3019
1.24676 1.31639
1.14559 1.33083
1.09944 1.34521
1.12631 1.35955
1.22246 1.37384
1.36357 1.38808
1.51192 1.40226
1.62761 1.41639
1.68045 1.43047
1.65893 1.44449
1.5736 1.45846
1.45399 1.47238
1.33979 1.48624
1.26907 1.50004
1.26696 1.51379
1.33817 1.52748
1.46561 1.54111
1.61543 1.55468
1.74713 1.5682
1.82558 1.58165
1.83145 1.59505
1.76699 1.60839
1.65531 1.62166
1.53357 1.63488
1.44189 1.64803
1.41143 1.66113
1.45514 1.67415
1.5639 1.68712
1.70923 1.70002
1.85175 1.71286
1.95293 1.72564
1.98647 1.73835
1.94617 1.75099
1.84779 1.76357
1.7243 1.77608
1.61614 1.78852
1.55916 1.8009
1.57397 1.81321
1.65985 1.82545
1.79488 1.83762
1.94256 1.84973
2.06256 1.86176
2.1228 1.87372
2.10892 1.88562
2.02859 1.89744
1.90919 1.90919
1.78972 1.92087
1.70917 1.93247
1.69493 1.94401
1.75467 1.95547
1.87402 1.96685
2.02091 1.97817
2.15501 1.9894
2.2398 2.00057
2.2534 2.01166
2.19505 2.02267
2.08538 2.0336
1.96024 2.04446
1.86006 2.05525
1.81783 2.06595
1.84929 2.07658
1.94824 2.08713
2.0884 2.0976
2.23122 2.10799
2.33732 2.1183
2.37823 2.12854
2.34484 2.13869
2.25007 2.14876
2.12511 2.15875
2.01006 2.16866
1.94209 2.17849
1.94431 2.18823
2.01897 2.1979
2.14673 2.20748
2.29248 2.21698
2.41569 2.22639
2.48255 2.23572
2.47594 2.24497
2.40058 2.25413
2.2816 2.26321
2.15706 2.2722
2.06667 2.2811
2.03994 2.28992
2.08745 2.29866
2.19765 2.30731
2.34037 2.31587
2.47572 2.32434
2.56597 2.33273
2.5868 2.34102
2.53447 2.34923
2.42699 2.35736
2.29871 2.36539
2.19017 2.37333
2.13599 2.38119
2.15462 2.38895
2.24282 2.39663
2.37666 2.40421
2.51859 2.41171
2.62867 2.41911
2.67635 2.42642
2.64964 2.43364
2.55862 2.44077
2.43248 2.44781
2.3108 2.45475
2.23183 2.46161
2.22107 2.46837
2.28374 2.47503
2.40319 2.48161
2.54585 2.48809
2.67125 2.49447
2.744 2.50077
2.74435 2.50697
2.67403 2.51307
2.55576 2.51908
2.4265 2.525
2.32642 2.53082
2.28701 2.53654
2.32169 2.54217
2.42182 2.5477
2.55928 2.55314
2.69481 2.55848
2.78972 2.56373
2.81735 2.56887
2.77101 2.57393
2.66599 2.57888
2.53497 2.58374
2.41835 2.5885
2.35222 2.59316
2.35762 2.59773
2.43431 2.6022
2.56081 2.60656
2.70081 2.61084
2.81397 2.61501
2.86788 2.61908
2.84773 2.62306
2.76069 2.62694
2.63378 2.63072
2.50587 2.6344
2.41607 2.63798
2.39213 2.64146
2.44222 2.64484
2.55245 2.64812
2.69102 2.6513
2.81768 2.65438
2.89569 2.65737
2.90276 2.66025
2.83763 2.66303
2.72049 2.66571
2.58697 2.6683
2.47752 2.67078
2.42543 2.67316
2.44688 2.67544
2.53618 2.67762
2.66743 2.67969
2.80222 2.68167
2.90107 2.68355
2.93515 2.68532
2.89487 2.687
2.79268 2.68857
2.65944 2.69004
2.5352 2.69141
2.4573 2.69268
2.44927 2.69385
2.51386 2.69492
2.63217 2.69588
2.76932 2.69675
2.88479 2.69751
2.94449 2.69817
2.93086 2.69873
2.84811 2.69919
2.72099 2.69954
2.58739 2.6998
2.48711 2.69995
2.45 2.7
2.48711 2.69995
2.58739 2.6998
2.72099 2.69954
2.84811 2.69919
2.93086 2.69873
2.94449 2.69817
2.88479 2.69751
2.76932 2.69675
2.63217 2.69588
2.51386 2.69492
2.44927 2.69385
2.4573 2.69268
2.5352 2.69141
2.65944 2.69004
2.79268 2.68857
2.89487 2.687
2.93515 2.68532
2.90107 2.68355
2.80222 2.68167
2.66743 2.67969
2.53618 2.67762
2.44688 2.67544
2.42543 2.67316
2.47752 2.67078
2.58697 2.6683
2.72049 2.66571
2.83763 2.66303
2.90276 2.66025
2.89569 2.65737
2.81768 2.65438
2.69102 2.6513
2.55245 2.64812
2.44222 2.64484
2.39213 2.64146
2.41607 2.63798
2.50587 2.6344
2.63378 2.63072
2.76069 2.62694
2.84773 2.62306
2.86788 2.61908
2.81397 2.61501
2.70081 2.61084
2.56081 2.60656
2.43431 2.6022
2.35762 2.59773
2.35222 2.59316
2.41835 2.5885
2.53497 2.58374
2.66599 2.57888
2.77101 2.57393
2.81735 2.56887
2.78972 2.56373
2.69481 2.55848
2.55928 2.55314
2.42182 2.5477
2.32169 2.54217
2.28701 2.53654
2.32642 2.53082
2.4265 2.525
2.55576 2.51908
2.67403 2.51307
2.74435 2.50697
2.744 2.50077
2.67125 2.49447
2.54585 2.48809
2.40319 2.48161
2.28374 2.47503
2.22107 2.46837
2.23183 2.46161
2.3108 2.45475
2.43248 2.44781
2.55862 2.44077
2.64964 2.43364
2.67635 2.42642
2.62867 2.41911
2.51859 2.41171
2.37666 2.40421
2.24282 2.39663
2.15462 2.38895
2.13599 2.38119
2.19017 2.37333
2.29871 2.36539
2.42699 2.35736
2.53447 2.34923
2.5868 2.34102
2.56597 2.33273
2.47572 2.32434
2.34037 2.31587
2.19765 2.30731
2.08745 2.29866
2.03994 2.28992
2.06667 2.2811
2.15706 2.2722
2.2816 2.26321
2.40058 2.25413
2.47594 2.24497
2.48255 2.23572
2.41569 2.22639
2.29248 2.21698
2.14673 2.20748
2.01897 2.1979
1.94431 2.18823
1.94209 2.17849
2.01006 2.16866
2.12511 2.15875
2.25007 2.14876
2.34484 2.13869
2.37823 2.12854
2.33732 2.1183
2.23122 2.10799
2.0884 2.0976
1.94824 2.08713
1.84929 2.07658
1.81783 2.06595
1.86006 2.05525
1.96024 2.04446
2.08538 2.0336
2.19505 2.02267
2.2534 2.01166
2.2398 2.00057
2.15501 1.9894
2.02091 1.97817
1.87402 1.96685
1.75467 1.95547
1.69493 1.94401
1.70917 1.93247
1.78972 1.92087
1.90919 1.90919
2.02859 1.89744
2.10892 1.88562
2.1228 1.87372
2.06256 1.86176
1.94256 1.84973
1.79488 1.83762
1.65985 1.82545
1.57397 1.81321
1.55916 1.8009
1.61614 1.78852
1.7243 1.77608
1.84779 1.76357
1.94617 1.75099
1.98647 1.73835
1.95293 1.72564
1.85175 1.71286
1.70923 1.70002
1.5639 1.68712
1.45514 1.67415
1.41143 1.66113
1.44189 1.64803
1.53357 1.63488
1.65531 1.62166
1.76699 1.60839
1.83145 1.59505
1.82558 1.58165
1.74713 1.5682
1.61543 1.55468
1.46561 1.54111
1.33817 1.52748
1.26696 1.51379
1.26907 1.50004
1.33979 1.48624
1.45399 1.47238
1.5736 1.45846
1.65893 1.44449
1.68045 1.43047
1.62761 1.41639
1.51192 1.40226
1.36357 1.38808
1.22246 1.37384
1.12631 1.35955
1.09944 1.34521
1.14559 1.33083
1.24676 1.31639
1.36857 1.3019
1.47052 1.28736
1.51797 1.27277
1.49247 1.25814
1.39726 1.24345
1.25628 1.22873
1.10706 1.21395
0.989574 1.19913
0.934339 1.18426
0.95336 1.16935
1.03655 1.1544
1.15473 1.1394
1.26831 1.12436
1.33906 1.10928
1.34145 1.09415
1.27028 1.07899
1.1422 1.06378
0.990767 1.04853
0.856469 1.03325
0.774685 1.01792
0.765174 1.00256
0.826197 0.987155
0.935034 0.971717
1.05474 0.956242
1.14513 0.94073
1.17471 0.925184
1.13008 0.909603
1.01987 0.893987
0.872202 0.878338
0.726324 0.862655
0.620943 0.846941
0.582717 0.831194
0.618329 0.815416
0.712503 0.799607
0.832541 0.783769
0.938051 0.7679
0.992947 0.752003
0.976185 0.736078
0.888014 0.720124
0.749904 0.704144
0.598164 0.688137
0.473145 0.672105
0.40725 0.656046
0.415295 0.639964
0.490107 0.623857
0.604659 0.607727
0.720099 0.591573
0.797308 0.575398
0.808523 0.559201
0.745597 0.542983
0.622415 0.526744
0.470771 0.510485
0.330914 0.494208
0.239585 0.477911
0.219089 0.461597
0.270671 0.445265
0.374142 0.428917
0.49388 0.412552
0.589425 0.396172
0.627503 0.379777
0.59192 0.363368
0.488378 0.346945
0.342776 0.330509
0.193514 0.31406
0.0800782 0.2976
0.0312978 0.281128
0.0567789 0.264646
0.144047 0.248154
0.262255 0.231653
0.371357 0.215143
0.43401 0.198624
0.426678 0.182099
0.346628 0.165566
0.212744 0.149027
0.0599116 0.132483
-0.0713508 0.115933
-0.14694 0.0993795
-0.149305 0.082822
-0.0826635 0.0662613
0.0282488 0.0496982
0.145536 0.0331332
0.229406 0.0165669
0.25 1.20043e-15
0.196272 -0.0165669
0.0792697 -0.0331332
-0.0711475 -0.0496982
-0.215186 -0.0662613
-0.314948 -0.082822
-0.345699 -0.0993795
-0.303217 -0.115933
-0.205054 -0.132483
-0.0853107 -0.149027
0.0154958 -0.165566
0.0624808 -0.182099
0.0367617 -0.198624
-0.0589277 -0.215143
-0.20105 -0.231653
-0.352262 -0.248154
-0.472514 -0.264646
-0.530959 -0.281128
-0.515122 -0.2976
-0.434606 -0.31406
-0.318242 -0.330509
-0.205512 -0.346945
-0.134815 -0.363368
-0.132052 -0.379777
-0.20292 -0.396172
-0.331225 -0.412552
-0.483692 -0.428917
-0.619859 -0.445265
-0.704105 -0.461597
-0.716238 -0.477911
-0.657501 -0.494208
-0.5502 -0.510485
-0.431073 -0.526744
-0.340368 -0.542983
-0.309878 -0.559201
-0.353488 -0.575398
-0.463048 -0.591573
-0.610794 -0.607727
-0.757606 -0.623857
-0.864632 -0.639964
-0.904843 -0.656046
-0.871064 -0.672105
-0.778111 -0.688137
-0.658384 -0.704144
-0.552235 -0.720124
-0.49597 -0.736078
-0.511059 -0.752003
-0.59775 -0.7679
-0.734996 -0.783769
-0.886712 -0.799607
-1.0125 -0.815416
-1.07967 -0.831194
-1.07294 -0.846941
-0.998987 -0.862655
-0.884473 -0.878338
-0.768102 -0.893987
-0.689122 -0.909603
-0.675654 -0.925184
-0.736334 -0.94073
-0.857744 -0.956242
-1.0084 -0.971717
-1.14811 -0.987155
-1.23994 -1.00256
-1.26115 -1.01792
-1.21002 -1.03325
-1.1063 -1.04853
-0.985358 -1.06378
-0.887694 -1.07899
-0.846857 -1.09415
-0.879498 -1.10928
-0.980408 -1.12436
-1.12407 -1.1394
-1.27225 -1.1544
-1.38535 -1.16935
-1.43419 -1.18426
-1.40869 -1.19913
-1.32084 -1.21395
-1.20117 -1.22873
-1.08965 -1.24345
-1.0238 -1.25814
-1.02757 -1.27277
-1.10419 -1.28736
-1.23522 -1.3019
-1.38602 -1.31639
-1.51606 -1.33083
-1.59099 -1.34521
-1.5928 -1.35955
-1.52522 -1.37384
-1.41258 -1.38808
-1.29261 -1.40226
-1.20518 -1.41639
-1.18049 -1.43047
-1.23006 -1.44449
-1.34333 -1.45846
-1.49077 -1.47238
-1.63269 -1.48624
-1.73101 -1.50004
-1.76061 -1.51379
-1.71678 -1.52748
-1.61661 -1.54111
-1.49394 -1.55468
-1.38926 -1.5682
-1.33773 -1.58165
-1.35865 -1.59505
-1.44979 -1.60839
-1.58802 -1.62166
-1.73619 -1.63488
-1.85418 -1.64803
-1.91082 -1.66113
-1.89317 -1.67415
-1.81035 -1.68712
-1.69082 -1.70002
-1.57397 -1.71286
-1.49834 -1.72564
-1.49023 -1.73835
-1.5558 -1.75099
-1.67934 -1.76357
-1.82786 -1.77608
-1.96091 -1.78852
-2.04264 -1.8009
-2.05244 -1.81321
-1.99105 -1.82545
-1.88036 -1.83762
-1.7569 -1.84973
-1.66096 -1.86176
-1.62464 -1.87372
-1.66231 -1.88562
-1.76629 -1.89744
-1.90919 -1.90919
-2.05201 -1.92087
-2.15578 -1.93247
-2.19308 -1.94401
-2.15627 -1.95547
-2.05968 -1.96685
-1.93543 -1.97817
-1.8238 -1.9894
-1.76133 -2.00057
-1.76991 -2.01166
-1.85028 -2.02267
-1.98183 -2.0336
-2.12869 -2.04446
-2.25043 -2.05525
-2.31407 -2.06595
-2.30387 -2.07658
-2.22602 -2.08713
-2.1068 -2.0976
-1.98477 -2.10799
-1.89929 -2.1183
-1.87884 -2.12854
-1.93254 -2.13869
-2.04745 -2.14876
-2.1924 -2.15875
-2.32726 -2.16866
-2.41489 -2.17849
-2.43216 -2.18823
-2.37683 -2.1979
-2.26822 -2.20748
-2.14148 -2.21698
-2.03709 -2.22639
-1.9889 -2.23572
-2.014 -2.24497
-2.10768 -2.25413
-2.24482 -2.26321
-2.38733 -2.2722
-2.49554 -2.2811
-2.53991 -2.28992
-2.50987 -2.29866
-2.41696 -2.30731
-2.29136 -2.31587
-2.17296 -2.32434
-2.09948 -2.33273
-2.09525 -2.34102
-2.164 -2.34923
-2.28773 -2.35736
-2.43207 -2.36539
-2.5565 -2.37333
-2.62638 -2.38119
-2.62329 -2.38895
-2.55043 -2.39663
-2.43177 -2.40421
-2.30482 -2.41171
-2.20955 -2.41911
-2.1765 -2.42642
-2.21765 -2.43364
-2.32292 -2.44077
-2.46314 -2.44781
-2.59871 -2.45475
-2.69138 -2.46161
-2.71566 -2.46837
-2.66633 -2.47503
-2.56003 -2.48161
-2.43032 -2.48809
-2.3177 -2.49447
-2.25753 -2.50077
-2.26958 -2.50697
-2.35211 -2.51307
-2.4824 -2.51908
-2.62349 -2.525
-2.73521 -2.53082
-2.78607 -2.53654
-2.76265 -2.54217
-2.67359 -2.5477
-2.547 -2.55314
-2.42215 -2.55848
-2.33773 -2.56373
-2.3204 -2.56887
-2.37684 -2.57393
-2.49178 -2.57888
-2.63251 -2.58374
-2.75865 -2.5885
-2.83411 -2.59316
-2.83784 -2.59773
-2.77009 -2.6022
-2.65232 -2.60656
-2.52086 -2.61084
-2.41605 -2.61501
-2.37029 -2.61908
-2.39839 -2.62306
-2.49319 -2.62694
-2.62765 -2.63072
-2.76292 -2.6344
-2.85989 -2.63798
-2.89078 -2.64146
-2.84745 -2.64484
-2.74379 -2.64812
-2.61159 -2.6513
-2.49109 -2.65438
-2.41904 -2.65737
-2.41774 -2.66025
-2.48844 -2.66303
-2.61094 -2.66571
-2.74962 -2.6683
-2.86403 -2.67078
-2.92088 -2.67316
-2.90399 -2.67544
-2.81905 -2.67762
-2.69196 -2.67969
-2.56113 -2.68167
-2.46603 -2.68355
-2.43549 -2.68532
-2.47913 -2.687
-2.58446 -2.68857
-2.72065 -2.69004
-2.84763 -2.69141
-2.92807 -2.69268
-2.93843 -2.69385
-2.87598 -2.69492
-2.7596 -2.69588
-2.62418 -2.69675
-2.51023 -2.69751
-2.45185 -2.69817
-2.4666 -2.69873
-2.55026 -2.69919
-2.67809 -2.69954
-2.8122 -2.6998
-2.91279 -2.69995
-2.95 -2.7
-2.91279 -2.69995
-2.8122 -2.6998
-2.67809 -2.69954
-2.55026 -2.69919
-2.4666 -2.69873
-2.45185 -2.69817
-2.51023 -2.69751
-2.62418 -2.69675
-2.7596 -2.69588
-2.87598 -2.69492
-2.93843 -2.69385
-2.92807 -2.69268
-2.84763 -2.69141
-2.72065 -2.69004
-2.58446 -2.68857
-2.47913 -2.687
-2.43549 -2.68532
-2.46603 -2.68355
-2.56113 -2.68167
-2.69196 -2.67969
-2.81905 -2.67762
-2.90399 -2.67544
-2.92088 -2.67316
-2.86403 -2.67078
-2.74962 -2.6683
-2.61094 -2.66571
-2.48844 -2.66303
-2.41774 -2.66025
-2.41904 -2.65737
-2.49109 -2.65438
-2.61159 -2.6513
-2.74379 -2.64812
-2.84745 -2.64484
-2.89078 -2.64146
-2.85989 -2.63798
-2.76292 -2.6344
-2.62765 -2.63072
-2.49319 -2.62694
-2.39839 -2.62306
-2.37029 -2.61908
-2.41605 -2.61501
-2.52086 -2.61084
-2.65232 -2.60656
-2.77009 -2.6022
-2.83784 -2.59773
-2.83411 -2.59316
-2.75865 -2.5885
-2.63251 -2.58374
-2.49178 -2.57888
-2.37684 -2.57393
-2.3204 -2.56887
-2.33773 -2.56373
-2.42215 -2.55848
-2.547 -2.55314
-2.67359 -2.5477
-2.76265 -2.54217
-2.78607 -2.53654
-2.73521 -2.53082
-2.62349 -2.525
-2.4824 -2.51908
-2.35211 -2.51307
-2.26958 -2.50697
-2.25753 -2.50077
-2.3177 -2.49447
-2.43032 -2.48809
-2.56003 -2.48161
-2.66633 -2.47503
-2.71566 -2.46837
-2.69138 -2.46161
-2.59871 -2.45475
-2.46314 -2.44781
-2.32292 -2.44077
-2.21765 -2.43364
-2.1765 -2.42642
-2.20955 -2.41911
-2.30482 -2.41171
-2.43177 -2.40421
-2.55043 -2.39663
-2.62329 -2.38895
-2.62638 -2.38119
-2.5565 -2.37333
-2.43207 -2.36539
-2.28773 -2.35736
-2.164 -2.34923
-2.09525 -2.34102
-2.09948 -2.33273
-2.17296 -2.32434
-2.29136 -2.31587
-2.41696 -2.30731
-2.50987 -2.29866
-2.53991 -2.28992
-2.49554 -2.2811
-2.38733 -2.2722
-2.24482 -2.26321
-2.10768 -2.25413
-2.014 -2.24497
-1.9889 -2.23572
-2.03709 -2.22639
-2.14148 -2.21698
-2.26822 -2.20748
-2.37683 -2.1979
-2.43216 -2.18823
-2.41489 -2.17849
-2.32726 -2.16866
-2.1924 -2.15875
-2.04745 -2.14876
-1.93254 -2.13869
-1.87884 -2.12854
-1.89929 -2.1183
-1.98477 -2.10799
-2.1068 -2.0976
-2.22602 -2.08713
-2.30387 -2.07658
-2.31407 -2.06595
-2.25043 -2.05525
-2.12869 -2.04446
-1.98183 -2.0336
-1.85028 -2.02267
-1.76991 -2.01166
-1.76133 -2.00057
-1.8238 -1.9894
-1.93543 -1.97817
-2.05968 -1.96685
-2.15627 -1.95547
-2.19308 -1.94401
-2.15578 -1.93247
-2.05201 -1.92087
-1.90919 -1.90919
-1.76629 -1.89744
-1.66231 -1.88562
-1.62464 -1.87372
-1.66096 -1.86176
-1.7569 -1.84973
-1.88036 -1.83762
-1.99105 -1.82545
-2.05244 -1.81321
-2.04264 -1.8009
-1.96091 -1.78852
-1.82786 -1.77608
-1.67934 -1.76357
-1.5558 -1.75099
-1.49023 -1.73835
-1.49834 -1.72564
-1.57397 -1.71286
-1.69082 -1.70002
-1.81035 -1.68712
-1.89317 -1.67415
-1.91082 -1.66113
-1.85418 -1.64803
-1.73619 -1.63488
-1.58802 -1.62166
-1.44979 -1.60839
-1.35865 -1.59505
-1.33773 -1.58165
-1.38926 -1.5682
-1.49394 -1.55468
-1.61661 -1.54111
-1.71678 -1.52748
-1.76061 -1.51379
-1.73101 -1.50004
-1.63269 -1.48624
-1.49077 -1.47238
-1.34333 -1.45846
-1.23006 -1.44449
-1.18049 -1.43047
-1.20518 -1.41639
-1.29261 -1.40226
-1.41258 -1.38808
-1.52522 -1.37384
-1.5928 -1.35955
-1.59099 -1.34521
-1.51606 -1.33083
-1.38602 -1.31639
-1.23522 -1.3019
-1.10419 -1.28736
-1.02757 -1.27277
-1.0238 -1.25814
-1.08965 -1.24345
-1.20117 -1.22873
-1.32084 -1.21395
-1.40869 -1.19913
-1.43419 -1.18426
-1.38535 -1.16935
-1.27225 -1.1544
-1.12407 -1.1394
-0.980408 -1.12436
-0.879498 -1.10928
-0.846857 -1.09415
-0.887694 -1.07899
-0.985358 -1.06378
-1.1063 -1.04853
-1.21002 -1.03325
-1.26115 -1.01792
-1.23994 -1.00256
-1.14811 -0.987155
-1.0084 -0.971717
-0.857744 -0.956242
-0.736334 -0.94073
-0.675654 -0.925184
-0.689122 -0.909603
-0.768102 -0.893987
-0.884473 -0.878338
-0.998987 -0.862655
-1.07294 -0.846941
-1.07967 -0.831194
-1.0125 -0.815416
-0.886712 -0.799607
-0.734996 -0.783769
-0.59775 -0.7679
-0.511059 -0.752003
-0.49597 -0.736078
-0.552235 -0.720124
-0.658384 -0.704144
-0.778111 -0.688137
-0.871064 -0.672105
-0.904843 -0.656046
-0.864632 -0.639964
-0.757606 -0.623857
-0.610794 -0.607727
-0.463048 -0.591573
-0.353488 -0.575398
-0.309878 -0.559201
-0.340368 -0.542983
-0.431073 -0.526744
-0.5502 -0.510485
-0.657501 -0.494208
-0.716238 -0.477911
-0.704105 -0.461597
-0.619859 -0.445265
-0.483692 -0.428917
-0.331225 -0.412552
-0.20292 -0.396172
-0.132052 -0.379777
-0.134815 -0.363368
-0.205512 -0.346945
-0.318242 -0.330509
-0.434606 -0.31406
-0.515122 -0.2976
-0.530959 -0.281128
-0.472514 -0.264646
-0.352262 -0.248154
-0.20105 -0.231653
-0.0589277 -0.215143
0.0367617 -0.198624
0.0624808 -0.182099
0.0154958 -0.165566
-0.0853107 -0.149027
-0.205054 -0.132483
-0.303217 -0.115933
-0.345699 -0.0993795
-0.314948 -0.082822
-0.215186 -0.0662613
-0.0711475 -0.0496982
0.0792697 -0.0331332
0.196272 -0.0165669
0.25 -7.97973e-16
0.229406 0.0165669
0.145536 0.0331332
0.0282488 0.0496982
-0.0826635 0.0662613
-0.149305 0.082822
-0.14694 0.0993795
-0.0713508 0.115933
0.0599116 0.132483
0.212744 0.149027
0.346628 0.165566
0.426678 0.182099
0.43401 0.198624
0.371357 0.215143
0.262255 0.231653
0.144047 0.248154
0.0567789 0.264646
0.0312978 0.281128
0.0800782 0.2976
0.193514 0.31406
0.342776 0.330509
0.488378 0.346945
0.59192 0.363368
0.627503 0.379777
0.589425 0.396172
0.49388 0.412552
0.374142 0.428917
0.270671 0.445265
0.219089 0.461597
0.239585 0.477911
0.330914 0.494208
0.470771 0.510485
0.622415 0.526744
0.745597 0.542983
0.808523 0.559201
0.797308 0.575398
0.720099 0.591573
0.604659 0.607727
0.490107 0.623857
0.415295 0.639964
0.40725 0.656046
0.473145 0.672105
0.598164 0.688137
0.749904 0.704144
0.888014 0.720124
0.976185 0.736078
0.992947 0.752003
0.938051 0.7679
0.832541 0.783769
0.712503 0.799607
0.618329 0.815416
0.582717 0.831194
0.620943 0.846941
0.726324 0.862655
0.872202 0.878338
1.01987 0.893987
1.13008 0.909603
1.17471 0.925184
1.14513 0.94073
1.05474 0.956242
0.935034 0.971717
0.826197 0.987155
0.765174 1.00256
0.774685 1.01792
0.856469 1.03325
0.990767 1.04853
1.1422 1.06378
1.27028 1.07899
1.34145 1.09415
1.33906 1.10928
1.26831 1.12436
1.15473 1.1394
1.03655 1.1544
0.95336 1.16935
0.934339 1.18426
0.989574 1.19913
1.10706 1.21395
1.25628 1.22873
1.39726 1.24345
1.49247 1.25814
1.51797 1.27277
1.47052 1.28736
1.36857 1.3019
1.24676 1.31639
1.14559 1.33083
1.09944 1.34521
1.12631 1.35955
1.22246 1.37384
1.36357 1.38808
1.51192 1.40226
1.62761 1.41639
1.68045 1.43047
1.65893 1.44449
1.5736 1.45846
1.45399 1.47238
1.33979 1.48624
1.26907 1.50004
1.26696 1.51379
1.33817 1.52748
1.46561 1.54111
1.61543 1.55468
1.74713 1.5682
1.82558 1.58165
1.83145 1.59505
1.76699 1.60839
1.65531 1.62166
1.53357 1.63488
1.44189 1.64803
1.41143 1.66113
1.45514 1.67415
1.5639 1.68712
1.70923 1.70002
1.85175 1.71286
1.95293 1.72564
1.98647 1.73835
1.94617 1.75099
1.84779 1.76357
1.7243 1.77608
1.61614 1.78852
1.55916 1.8009
1.57397 1.81321
1.65985 1.82545
1.79488 1.83762
1.94256 1.84973
2.06256 1.86176
2.1228 1.87372
2.10892 1.88562
2.02859 1.89744
1.90919 1.90919
1.78972 1.92087
1.70917 1.93247
1.69493 1.94401
1.75467 1.95547
1.87402 1.96685
2.02091 1.97817
2.15501 1.9894
2.2398 2.00057
2.2534 2.01166
2.19505 2.02267
2.08538 2.0336
1.96024 2.04446
1.86006 2.05525
1.81783 2.06595
1.84929 2.07658
1.94824 2.08713
2.0884 2.0976
2.23122 2.10799
2.33732 2.1183
2.37823 2.12854
2.34484 2.13869
2.25007 2.14876
2.12511 2.15875
2.01006 2.16866
1.94209 2.17849
1.94431 2.18823
2.01897 2.1979
2.14673 2.20748
2.29248 2.21698
2.41569 2.22639
2.48255 2.23572
2.47594 2.24497
2.40058 2.25413
2.2816 2.26321
2.15706 2.2722
2.06667 2.2811
2.03994 2.28992
2.08745 2.29866
2.19765 2.30731
2.34037 2.31587
2.47572 2.32434
2.56597 2.33273
2.5868 2.34102
2.53447 2.34923
2.42699 2.35736
2.29871 2.36539
2.19017 2.37333
2.13599 2.38119
2.15462 2.38895
2.24282 2.39663
2.37666 2.40421
2.51859 2.41171
2.62867 2.41911
2.67635 2.42642
2.64964 2.43364
2.55862 2.44077
2.43248 2.44781
2.3108 2.45475
2.23183 2.46161
2.22107 2.46837
2.28374 2.47503
2.40319 2.48161
2.54585 2.48809
2.67125 2.49447
2.744 2.50077
2.74435 2.50697
2.67403 2.51307
2.55576 2.51908
2.4265 2.525
2.32642 2.53082
2.28701 2.53654
2.32169 2.54217
2.42182 2.5477
2.55928 2.55314
2.69481 2.55848
2.78972 2.56373
2.81735 2.56887
2.77101 2.57393
2.66599 2.57888
2.53497 2.58374
2.41835 2.5885
2.35222 2.59316
2.35762 2.59773
2.43431 2.6022
2.56081 2.60656
2.70081 2.61084
2.81397 2.61501
2.86788 2.61908
2.84773 2.62306
2.76069 2.62694
2.63378 2.63072
2.50587 2.6344
2.41607 2.63798
2.39213 2.64146
2.44222 2.64484
2.55245 2.64812
2.69102 2.6513
2.81768 2.65438
2.89569 2.65737
2.90276 2.66025
2.83763 2.66303
2.72049 2.66571
2.58697 2.6683
2.47752 2.67078
2.42543 2.67316
2.44688 2.67544
2.53618 2.67762
2.66743 2.67969
2.80222 2.68167
2.90107 2.68355
2.93515 2.68532
2.89487 2.687
2.79268 2.68857
2.65944 2.69004
2.5352 2.69141
2.4573 2.69268
2.44927 2.69385
2.51386 2.69492
2.63217 2.69588
2.76932 2.69675
2.88479 2.69751
2.94449 2.69817
2.93086 2.69873
2.84811 2.69919
2.72099 2.69954
2.58739 2.6998
2.48711 2.69995
2.45 2.7
2.48711 2.69995
2.58739 2.6998
2.72099 2.69954
2.84811 2.69919
2.93086 2.69873
2.94449 2.69817
2.88479 2.69751
2.76932 2.69675
2.63217 2.69588
2.51386 2.69492
2.44927 2.69385
2.4573 2.69268
2.5352 2.69141
2.65944 2.69004
2.79268 2.68857
2.89487 2.687
2.93515 2.68532
2.90107 2.68355
2.80222 2.68167
2.66743 2.67969
2.53618 2.67762
2.44688 2.67544
2.42543 2.67316
2.47752 2.67078
2.58697 2.6683
2.72049 2.66571
2.83763 2.66303
2.90276 2.66025
2.89569 2.65737
2.81768 2.65438
2.69102 2.6513
2.55245 2.64812
2.44222 2.64484
2.39213 2.64146
2.41607 2.63798
2.50587 2.6344
2.63378 2.63072
2.76069 2.62694
2.84773 2.62306
2.86788 2.61908
2.81397 2.61501
2.70081 2.61084
2.56081 2.60656
2.43431 2.6022
2.35762 2.59773
2.35222 2.59316
2.41835 2.5885
2.53497 2.58374
2.66599 2.57888
2.77101 2.57393
2.81735 2.56887
2.78972 2.56373
2.69481 2.55848
2.55928 2.55314
2.42182 2.5477
2.32169 2.54217
2.28701 2.53654
2.32642 2.53082
2.4265 2.525
2.55576 2.51908
2.67403 2.51307
2.74435 2.50697
2.744 2.50077
2.67125 2.49447
2.54585 2.48809
2.40319 2.48161
2.28374 2.47503
2.22107 2.46837
2.23183 2.46161
2.3108 2.45475
2.43248 2.44781
2.55862 2.44077
2.64964 2.43364
2.67635 2.42642
2.62867 2.41911
2.51859 2.41171
2.37666 2.40421
2.24282 2.39663
2.15462 2.38895
2.13599 2.38119
2.19017 2.37333
2.29871 2.36539
2.42699 2.35736
2.53447 2.34923
2.5868 2.34102
2.56597 2.33273
2.47572 2.32434
2.34037 2.31587
2.19765 2.30731
2.08745 2.29866
2.03994 2.28992
2.06667 2.2811
2.15706 2.2722
2.2816 2.26321
2.40058 2.25413
2.47594 2.24497
2.48255 2.23572
2.41569 2.22639
2.29248 2.21698
2.14673 2.20748
2.01897 2.1979
1.94431 2.18823
1.94209 2.17849
2.01006 2.16866
2.12511 2.15875
2.25007 2.14876
2.34484 2.13869
2.37823 2.12854
2.33732 2.1183
2.23122 2.10799
2.0884 2.0976
1.94824 2.08713
1.84929 2.07658
1.81783 2.06595
1.86006 2.05525
1.96024 2.04446
2.08538 2.0336
2.19505 2.02267
2.2534 2.01166
2.2398 2.00057
2.15501 1.9894
2.02091 1.97817
1.87402 1.96685
1.75467 1.95547
1.69493 1.94401
1.70917 1.93247
1.78972 1.92087
1.90919 1.90919
2.02859 1.89744
2.10892 1.88562
2.1228 1.87372
2.06256 1.86176
1.94256 1.84973
1.79488 1.83762
1.65985 1.82545
1.57397 1.81321
1.55916 1.8009
1.61614 1.78852
1.7243 1.77608
1.84779 1.76357
1.94617 1.75099
1.98647 1.73835
1.95293 1.72564
1.85175 1.71286
1.70923 1.70002
1.5639 1.68712
1.45514 1.67415
1.41143 1.66113
1.44189 1.64803
1.53357 1.63488
1.65531 1.62166
1.76699 1.60839
1.83145 1.59505
1.82558 1.58165
1.74713 1.5682
1.61543 1.55468
1.46561 1.54111
1.33817 1.52748
1.26696 1.51379
1.26907 1.50004
1.33979 1.48624
1.45399 1.47238
1.5736 1.45846
1.65893 1.44449
1.68045 1.43047
1.62761 1.41639
1.51192 1.40226
1.36357 1.38808
1.22246 1.37384
1.12631 1.35955
1.09944 1.34521
1.14559 1.33083
1.24676 1.31639
1.36857 1.3019
1.47052 1.28736
1.51797 1.27277
1.49247 1.25814
1.39726 1.24345
1.25628 1.22873
1.10706 1.21395
0.989574 1.19913
0.934339 1.18426
0.95336 1.16935
1.03655 1.1544
1.15473 1.1394
1.26831 1.12436
1.33906 1.10928
1.34145 1.09415
1.27028 1.07899
1.1422 1.06378
0.990767 1.04853
0.856469 1.03325
0.774685 1.01792
0.765174 1.00256
0.826197 0.987155
0.935034 0.971717
1.05474 0.956242
1.14513 0.94073
1.17471 0.925184
1.13008 0.909603
1.01987 0.893987
0.872202 0.878338
0.726324 0.862655
0.620943 0.846941
0.582717 0.831194
0.618329 0.815416
0.712503 0.799607
0.832541 0.783769
0.938051 0.7679
0.992947 0.752003
0.976185 0.736078
0.888014 0.720124
0.749904 0.704144
0.598164 0.688137
0.473145 0.672105
0.40725 0.656046
0.415295 0.639964
0.490107 0.623857
0.604659 0.607727
0.720099 0.591573
0.797308 0.575398
0.808523 0.559201
0.745597 0.542983
0.622415 0.526744
0.470771 0.510485
0.330914 0.494208
0.239585 0.477911
0.219089 0.461597
0.270671 0.445265
0.374142 0.428917
0.49388 0.412552
0.589425 0.396172
0.627503 0.379777
0.59192 0.363368
0.488378 0.346945
0.342776 0.330509
0.193514 0.31406
0.0800782 0.2976
0.0312978 0.281128
0.0567789 0.264646
0.144047 0.248154
0.262255 0.231653
0.371357 0.215143
0.43401 0.198624
0.426678 0.182099
0.346628 0.165566
0.212744 0.149027
0.0599116 0.132483
-0.0713508 0.115933
-0.14694 0.0993795
-0.149305 0.082822
-0.0826635 0.0662613
0.0282488 0.0496982
0.145536 0.0331332
0.229406 0.0165669
